"masse","hauteur"
50,500
62,200
40,300
800,700
1000,100
